The original SBlockTrid matrix is

The Matrix Blocks areblocks at row 0 are : 
[1.5919 -1.30336 0.0744805 0.0991637 1.10525
x.xxxxx 1.47562 0.102558 -0.184641 -1.51161
x.xxxxx x.xxxxx 1.6085 0.766288 0.667937
x.xxxxx x.xxxxx x.xxxxx 1.72583 -0.207411
x.xxxxx x.xxxxx x.xxxxx x.xxxxx 2.75453]

and

[-0.732904 0.053654 0.435557 -0.109531 0.136759
0.856 -0.209368 0.159531 0.295345 -0.889179
-0.0812705 0.978966 -0.183166 -0.939352 -0.931386
0.383491 0.0665052 -0.9717 0.612297 0.549319
0.537609 -0.121585 0.497884 -0.225067 0.584623]

blocks at row 1 are : 
[1.97935 -0.48073 0.664753 0.383295 1.21296
x.xxxxx 0.870207 -0.710373 -0.367374 0.148882
x.xxxxx x.xxxxx 1.6964 1.18557 -0.267723
x.xxxxx x.xxxxx x.xxxxx 0.920739 -0.0787962
x.xxxxx x.xxxxx x.xxxxx x.xxxxx 2.17312]

and

[-0.0518749 0.193904 -0.608924 0.585132 0.0924438
0.721174 0.0897709 -0.319949 0.723517 0.0644367
0.609281 -0.65034 0.0753196 0.226092 0.987055
0.0167388 0.852588 -0.711507 -0.114423 -0.881673
0.270492 0.948997 -0.573756 0.137508 -0.93987]

blocks at row 2 are : 
[1.78837 1.05274 0.762469 0.127315 0.55843
x.xxxxx 1.75671 0.309717 0.528751 0.413097
x.xxxxx x.xxxxx 1.77034 0.416122 0.958876
x.xxxxx x.xxxxx x.xxxxx 0.526425 0.0931596
x.xxxxx x.xxxxx x.xxxxx x.xxxxx 1.26703]

and

[-0.891572 -0.287676 0.512286 -0.0123373 0.50587
0.525358 -0.0396133 -0.89663 -0.321858 0.122121
-0.347806 -0.714222 0.984703 0.405344 -0.795114
-0.904516 -0.341383 -0.540032 0.080393 -0.713552
0.643684 0.998482 0.157405 0.245976 -0.760832]

blocks at row 3 are : 
[1.43975 0.107151 -1.17251 0.201981 1.27817
x.xxxxx 1.46768 0.749121 -0.186291 -0.0884223
x.xxxxx x.xxxxx 1.60929 -0.0685074 -1.22611
x.xxxxx x.xxxxx x.xxxxx 0.884092 -0.431339
x.xxxxx x.xxxxx x.xxxxx x.xxxxx 1.73014]

and

[0.277374 3.71966e-05 -0.569868 -0.483486 -0.902348
-0.275771 -0.0654517 -0.52951 -0.0231001 0.69001
-0.239131 -0.496052 0.889394 0.545412 0.251193
0.48226 0.941385 0.881674 -0.895979 -0.246738
0.0106776 0.357757 0.651789 -0.642097 0.260702]

blocks at row 4 are : 
[1.18876 0.071557 -0.375034 -0.372644 -0.729853
x.xxxxx 2.18984 -1.57777 -0.928438 1.14616
x.xxxxx x.xxxxx 1.85603 1.04991 -0.328458
x.xxxxx x.xxxxx x.xxxxx 2.05944 -0.996554
x.xxxxx x.xxxxx x.xxxxx x.xxxxx 1.88318]

and

[0.6701 0.148427 -0.970386 0.470295 0.0227727
-0.0745602 0.525743 -0.57471 -0.941979 0.488112
0.887725 -0.755022 -0.925187 0.862676 -0.464865
-0.078707 -0.0325153 -0.461521 0.800325 -0.34664
0.678701 -0.838409 -0.356036 -0.918488 0.0652932]

blocks at row 5 are : 
[0.894704 0.180473 -0.0212562 1.07188 0.0636143
x.xxxxx 3.37099 2.42231 -0.523121 -1.96051
x.xxxxx x.xxxxx 2.18698 -0.216192 -1.70341
x.xxxxx x.xxxxx x.xxxxx 1.8192 0.167828
x.xxxxx x.xxxxx x.xxxxx x.xxxxx 1.55893]

and

[-0.679731 -0.639807 -0.332336 -0.464785 0.873507
0.315043 0.725836 -0.124117 0.724293 0.296333
0.294899 0.904139 0.761193 -0.486833 -0.0208053
-0.144596 0.51918 -0.643372 -0.165021 0.659137
0.968403 0.908464 -0.879689 0.336937 0.832501]

blocks at row 6 are : 
[2.17649 0.718833 -0.989366 -0.911615 0.106284
x.xxxxx 2.26608 -0.668167 -0.643742 0.346548
x.xxxxx x.xxxxx 2.6286 1.02812 -1.20514
x.xxxxx x.xxxxx x.xxxxx 1.87611 -0.946747
x.xxxxx x.xxxxx x.xxxxx x.xxxxx 0.878096]


The resulting SBlockPent is:

The Matrix Blocks are:
blocks at row 0 are : 
[6.23029 -6.40254 0.926744 -0.29518 6.72417
x.xxxxx 7.88569 -0.684938 -0.476527 -7.74932
x.xxxxx x.xxxxx 6.38506 1.5301 2.09557
x.xxxxx x.xxxxx x.xxxxx 5.42499 -0.131114
x.xxxxx x.xxxxx x.xxxxx x.xxxxx 12.5273]

and

[-2.71925 0.453632 0.972817 -0.713175 1.31611
2.26227 -1.05488 0.652332 1.64555 -3.56216
-1.68759 2.75445 -2.58236 -2.56941 -2.6215
1.23947 1.35477 -2.76873 -0.190784 2.1715
1.31944 0.132758 2.55589 -1.35417 4.15845]

and

[0.377249 -0.384158 0.461388 -0.260213 0.333658
-0.333769 -0.548583 -0.142205 0.229397 0.798421
0.330964 -1.49352 0.925217 0.598743 1.57836
-0.405135 1.7556 -1.07881 0.0582924 -1.97552
0.342147 0.132452 -0.426255 0.445313 0.18227]

blocks at row 1 are : 
[8.68361 -1.53615 2.66188 2.95323 5.00924
x.xxxxx 3.83256 -2.34862 -2.4387 -0.160957
x.xxxxx x.xxxxx 8.5676 1.61012 -1.9754
x.xxxxx x.xxxxx x.xxxxx 5.97247 2.6859
x.xxxxx x.xxxxx x.xxxxx x.xxxxx 10.8193]

and

[0.0633571 1.83123 -2.69543 1.24277 -1.03092
1.52219 1.50195 0.510886 0.643244 -0.223507
1.47663 -0.231794 0.697357 0.0620917 2.31196
0.309686 0.850837 -2.51228 0.124829 -1.00421
1.00579 3.87639 -3.35675 1.34706 -3.30062]

and

[-0.10985 0.334698 -1.10148 -0.238814 -0.0062546
-1.09749 -0.165164 -0.406679 -0.0934645 0.0648865
-0.480227 0.705065 1.00268 0.493299 -0.743401
0.216434 -0.371688 -1.53349 -0.789093 1.43077
-0.272402 -0.691004 -1.49951 -0.761479 1.32589]

blocks at row 2 are : 
[7.57954 3.34502 3.92031 2.15115 2.08976
x.xxxxx 8.03656 -0.100601 1.48244 -0.0932372
x.xxxxx x.xxxxx 8.61548 1.36424 4.5916
x.xxxxx x.xxxxx x.xxxxx 3.44567 0.705707
x.xxxxx x.xxxxx x.xxxxx x.xxxxx 7.73911]

and

[-2.33332 -0.763044 1.77707 -0.294932 -0.950434
1.55875 -0.986049 -3.16763 -0.471048 1.93371
-3.55827 -1.03373 4.18693 1.57448 -5.1498
-1.99812 -1.39586 0.536391 0.358909 -2.38142
0.0433331 2.04524 2.1716 1.04684 -2.34094]

and

[-0.291018 -0.0659602 1.43487 0.403351 0.869617
0.217141 0.188084 -1.28004 -0.532155 -0.615364
0.0520072 -0.344603 1.29131 0.869087 -0.23893
0.0035438 0.110597 -0.178286 0.536806 0.239119
-0.0239509 -0.184044 -1.03456 0.0197114 -0.111368]

blocks at row 3 are : 
[9.00767 0.331913 -6.81979 0.0521569 5.14478
x.xxxxx 5.31458 1.61513 -1.29572 -1.25928
x.xxxxx x.xxxxx 9.84107 0.309586 -5.88259
x.xxxxx x.xxxxx x.xxxxx 4.14267 0.0462485
x.xxxxx x.xxxxx x.xxxxx x.xxxxx 9.34852]

and

[2.14344 1.55579 -2.28186 -3.13793 -2.46905
-1.27387 0.810025 -1.42082 -0.58105 2.74972
-2.00266 -4.07563 3.85644 4.63233 0.919765
1.3695 1.97811 -0.468441 -2.37327 0.207044
0.32542 1.47773 -1.14316 -3.24309 0.354125]

and

[-0.894392 1.24371 0.80246 0.0806515 0.379925
-0.179844 -0.253311 0.560108 -1.17709 0.260983
0.793838 -1.19614 -0.646873 1.32786 -0.833683
0.938715 0.136824 -1.32335 -0.38981 0.355097
0.786567 -0.500139 -0.615473 -0.523033 0.111473]

blocks at row 4 are : 
[4.30773 1.0913 0.576828 -0.881601 -2.03698
x.xxxxx 12.468 -8.07588 -8.78189 6.36105
x.xxxxx x.xxxxx 13.0578 6.84043 -2.74227
x.xxxxx x.xxxxx x.xxxxx 10.0654 -5.07459
x.xxxxx x.xxxxx x.xxxxx x.xxxxx 10.1142]

and

[1.1448 -0.898711 -2.33326 2.25004 1.83689
-1.60322 1.32491 -0.457394 -7.04845 2.74699
2.78118 -6.21123 -4.07989 7.09084 0.505896
0.682408 -1.54841 -1.34082 5.59879 -1.28986
-0.0264155 -4.01796 -2.59375 -4.65041 3.40492]

and

[-0.740842 -0.93351 -1.30238 0.198533 0.978458
0.655727 -0.135935 -0.301283 1.01514 -0.111916
-1.68903 -1.92692 -1.05164 -0.808037 0.752566
-0.544258 -0.28992 -0.531085 -0.0111514 0.170162
-0.634425 -1.78224 0.140984 -0.575805 -0.199244]

blocks at row 5 are : 
[5.65684 -1.85863 -2.42627 3.92704 -0.720394
x.xxxxx 24.2074 17.7737 -3.22015 -11.7357
x.xxxxx x.xxxxx 17.7883 -3.19376 -10.6472
x.xxxxx x.xxxxx x.xxxxx 9.30988 2.2322
x.xxxxx x.xxxxx x.xxxxx x.xxxxx 13.1305]

and

[-1.74495 -0.960874 -2.38563 -1.43937 2.90853
0.532211 4.05941 2.69128 0.800443 -0.861664
0.784462 4.14783 3.63824 -0.800546 -1.03688
-0.142156 1.67309 -4.63294 -2.81299 3.79951
3.7346 1.91369 -7.08811 -2.65079 2.8084]
blocks at row 6 are : 
[8.68198 6.21309 -6.64722 -4.52427 2.83352
x.xxxxx 9.48131 -5.38356 -3.7335 3.31661
x.xxxxx x.xxxxx 12.7373 6.60814 -7.03546
x.xxxxx x.xxxxx x.xxxxx 7.83699 -4.17604
x.xxxxx x.xxxxx x.xxxxx x.xxxxx 5.22992]

