The original SBlockTrid matrix is

The Matrix Blocks areblocks at row 0 are : 
[1.39218 -1.22899 -1.06633 1.15418 0.673738
x.xxxxx 3.64142 0.896003 -0.927374 0.503116
x.xxxxx x.xxxxx 1.9391 -1.21397 0.147676
x.xxxxx x.xxxxx x.xxxxx 2.25913 -0.419816
x.xxxxx x.xxxxx x.xxxxx x.xxxxx 1.78837]

and

[-0.910018 0.809077 -0.0784635 0.679735 -0.929972
-0.472767 -0.938733 -0.0856588 0.204061 -0.924136
-0.530971 0.0595081 -0.51219 0.175782 -0.07587
-0.592844 -0.554541 -0.127703 -0.409381 -0.734885
-0.143383 -0.305427 0.222187 0.231871 0.861307]

blocks at row 1 are : 
[1.58328 0.00967113 -1.54494 -1.65265 -1.82394
x.xxxxx 1.62651 0.760648 0.390374 -0.147068
x.xxxxx x.xxxxx 1.93661 1.9188 1.53729
x.xxxxx x.xxxxx x.xxxxx 2.20155 1.7852
x.xxxxx x.xxxxx x.xxxxx x.xxxxx 2.94102]

and

[-0.335636 0.630394 0.461855 0.406832 -0.766011
0.925274 0.773473 0.305176 0.35542 -0.417624
0.769087 0.470614 0.227614 0.691053 0.146155
0.588494 0.485805 0.980329 0.647318 0.691266
-0.809611 0.455553 0.593576 0.790019 -0.994755]

blocks at row 2 are : 
[1.29103 0.0337 0.4868 -0.588508 -0.756549
x.xxxxx 1.33836 -0.307268 -0.533566 0.0692419
x.xxxxx x.xxxxx 0.912043 0.486736 -0.0833677
x.xxxxx x.xxxxx x.xxxxx 1.67253 1.12321
x.xxxxx x.xxxxx x.xxxxx x.xxxxx 1.3228]

and

[-0.600124 0.158351 -0.201875 -0.740915 0.524343
-0.489847 -0.0793812 0.0672727 0.291013 0.381461
0.153106 -0.427851 0.199145 0.837985 -0.622626
0.546031 -0.7338 -0.0506257 0.0924969 -0.484123
-0.798581 0.7277 0.637432 0.103266 -0.101959]

blocks at row 3 are : 
[2.08099 0.000280424 0.510868 0.00255903 1.11746
x.xxxxx 0.935458 -1.20281 -0.976235 -0.206218
x.xxxxx x.xxxxx 2.89009 1.11181 0.42575
x.xxxxx x.xxxxx x.xxxxx 2.18125 0.0502697
x.xxxxx x.xxxxx x.xxxxx x.xxxxx 1.30269]

and

[-0.19735 0.666123 -0.969112 0.882622 0.0985221
0.0368711 -0.188165 0.879757 -0.993084 0.82671
-0.231917 -0.346264 0.695047 -0.871317 -0.873214
0.180024 0.487575 0.918192 -0.00918401 0.135634
0.552748 0.0535024 0.425045 -0.332211 0.86175]

blocks at row 4 are : 
[1.4131 -0.677347 0.14872 -0.757617 -0.542559
x.xxxxx 1.7836 0.752024 1.06922 0.630033
x.xxxxx x.xxxxx 1.23359 0.628833 0.298785
x.xxxxx x.xxxxx x.xxxxx 1.99677 1.75717
x.xxxxx x.xxxxx x.xxxxx x.xxxxx 1.67418]

and

[-0.810154 -0.660504 -0.7352 -0.659264 0.789422
0.996284 -0.148212 -0.962134 -0.463298 0.452338
-0.522253 0.942095 -0.876479 -0.674855 0.699712
-0.683368 -0.504629 0.624377 0.369786 0.133456
0.131917 0.0863297 -0.651556 -0.897237 0.229937]

blocks at row 5 are : 
[1.29176 -0.443289 -1.16241 0.411966 0.0947098
x.xxxxx 2.39609 0.135611 -0.622834 -0.751136
x.xxxxx x.xxxxx 1.37884 -0.989986 0.0114616
x.xxxxx x.xxxxx x.xxxxx 2.20219 -0.0729723
x.xxxxx x.xxxxx x.xxxxx x.xxxxx 0.697983]

and

[-0.600765 0.697824 0.190969 -0.779146 0.360359
0.354683 0.313799 -0.870825 0.916045 0.497537
-0.532112 -0.609327 -0.0225338 -0.493448 0.922028
-0.901054 -0.412018 0.987548 -0.68397 -0.747968
-0.511861 -0.94929 -0.851885 0.786636 -0.197436]

blocks at row 6 are : 
[1.65236 -0.471592 -0.966621 0.916772 -0.751335
x.xxxxx 1.29609 0.906326 0.178719 0.150416
x.xxxxx x.xxxxx 2.07886 -0.739839 -0.213935
x.xxxxx x.xxxxx x.xxxxx 1.94279 -0.562434
x.xxxxx x.xxxxx x.xxxxx x.xxxxx 1.29735]


The resulting SBlockPent is:

The Matrix Blocks are:
blocks at row 0 are : 
[9.18747 -7.1975 -5.19349 6.87163 0.105072
x.xxxxx 18.6941 7.85579 -6.78204 2.01226
x.xxxxx x.xxxxx 7.77997 -6.88918 0.712032
x.xxxxx x.xxxxx x.xxxxx 10.3287 -2.06933
x.xxxxx x.xxxxx x.xxxxx x.xxxxx 5.0622]

and

[-1.63946 3.02041 2.28854 1.69732 -0.447313
0.121826 -5.37977 -1.62285 -0.388531 -2.66031
0.0147673 -1.17853 -0.704104 0.499593 1.29883
0.0238199 -0.448998 -1.43958 -2.33523 -4.07161
-3.46433 -0.597125 2.46784 3.76527 4.34121]

and

[2.14664 -0.0782288 -0.0768898 -0.431576 1.7427
0.0924931 -1.38628 -0.872825 -1.18317 1.80201
0.00422784 -0.478903 -0.216363 -0.494968 0.504003
-0.058285 -1.3964 -1.30965 -1.37211 1.11509
-0.624467 0.282952 0.629702 0.817198 -0.426645]

blocks at row 1 are : 
[14.133 -0.690057 -10.6651 -12.7754 -10.0267
x.xxxxx 7.18667 4.53737 4.36127 1.91251
x.xxxxx x.xxxxx 14.4661 14.9305 14.2334
x.xxxxx x.xxxxx x.xxxxx 17.7954 14.9042
x.xxxxx x.xxxxx x.xxxxx x.xxxxx 23.3838]

and

[-1.05368 -0.934911 -1.99422 -3.0248 -1.06795
3.9115 2.49882 1.66828 0.560869 -0.984479
3.19868 2.38552 3.5145 4.16372 1.34729
2.59133 2.11718 4.29924 5.35855 2.27755
-0.125373 1.57658 3.43317 4.47341 0.157779]

and

[0.797204 -1.15675 -0.306735 0.777686 -0.341935
-0.359861 -0.610163 -0.358182 -0.214977 0.460714
-0.396607 -0.413695 -0.0200932 -0.163123 0.091611
-0.639622 -0.336777 0.516971 0.658111 -0.500352
1.57936 -1.72193 -0.361789 1.20018 -0.901356]

blocks at row 2 are : 
[6.63552 1.23598 0.0903078 -2.6658 -1.14568
x.xxxxx 4.31789 0.419139 -0.53755 -0.901936
x.xxxxx x.xxxxx 4.41474 3.36542 -0.546587
x.xxxxx x.xxxxx x.xxxxx 7.82155 2.09124
x.xxxxx x.xxxxx x.xxxxx x.xxxxx 7.44012]

and

[-1.20184 0.880748 -2.29488 -2.6417 0.605342
-1.62751 -0.0455939 0.618807 0.869806 0.979946
0.0569742 -2.03598 1.81989 2.78664 -1.08182
1.27481 -1.28488 1.72312 1.79822 -1.62547
-1.48538 -0.117222 1.55751 0.967701 -1.89571]

and

[0.327538 -0.692849 0.123151 -0.678429 0.599425
0.341384 -0.172356 0.880982 -0.541532 0.195566
-0.285474 0.488806 0.118421 0.585656 -0.93541
-0.374021 0.538527 -1.33076 1.41476 -0.913283
-0.0011681 -0.844706 1.90864 -1.94999 -0.107553]

blocks at row 3 are : 
[9.61024 -3.7303 0.886301 0.437911 2.52525
x.xxxxx 7.08024 -4.58448 -4.03806 1.00437
x.xxxxx x.xxxxx 14.1501 7.54966 2.10089
x.xxxxx x.xxxxx x.xxxxx 9.43632 0.633924
x.xxxxx x.xxxxx x.xxxxx x.xxxxx 5.56695]

and

[-1.50736 2.86905 -1.32351 3.20791 2.67554
0.637888 -0.486325 -0.425564 -0.00943075 1.27692
0.764134 -1.28883 1.411 -4.0561 -5.82765
0.120171 2.38047 3.49647 1.14859 -0.743699
0.994436 0.958348 0.326748 1.1435 1.41703]

and

[0.739495 -1.31826 0.840494 0.713486 -0.392134
0.110906 1.40486 -1.77586 -1.63982 0.617127
-0.0398406 1.22361 -0.0806177 0.305542 -0.170443
-0.115444 0.690197 -1.50035 -1.08931 1.0351
-0.275786 0.269449 -1.5993 -1.57208 0.911774]

blocks at row 4 are : 
[6.46911 -2.48544 1.15096 -4.072 -1.58615
x.xxxxx 8.94486 3.26005 5.87171 6.23939
x.xxxxx x.xxxxx 8.68762 -0.0584399 4.2325
x.xxxxx x.xxxxx x.xxxxx 13.0883 6.62071
x.xxxxx x.xxxxx x.xxxxx x.xxxxx 10.1951]

and

[-1.54713 -1.86293 -0.13695 -1.21547 1.69743
3.60845 -0.572108 -3.66109 -0.655232 1.63003
-0.690983 2.92568 -1.51373 -2.78593 1.24384
-1.00196 -1.07367 0.301229 -1.03924 1.38373
0.472922 0.250413 -0.611988 -2.33525 0.851348]

and

[0.833609 -0.802395 -0.886515 1.46086 -0.961198
0.0467844 0.996464 -0.501863 0.235452 -0.344612
1.36421 0.0790732 -2.16291 2.71441 -0.160989
-0.502186 -1.29472 0.546365 -0.385858 -0.224573
0.988832 0.667558 -1.11725 1.09237 0.115443]

blocks at row 5 are : 
[7.42237 -2.56332 -3.38211 3.61902 -1.33882
x.xxxxx 10.5855 0.712749 -5.8293 -1.41104
x.xxxxx x.xxxxx 9.04835 -1.41579 -1.51149
x.xxxxx x.xxxxx x.xxxxx 11.4233 -1.45459
x.xxxxx x.xxxxx x.xxxxx x.xxxxx 5.00052]

and

[-3.22584 2.48675 3.09458 -3.32996 0.267554
3.73552 1.01834 -4.80242 4.8339 1.86888
-0.816337 -1.72048 -1.27549 -1.02164 3.44482
-4.20277 0.408401 6.09686 -4.5051 -2.88892
0.673924 -2.45929 -2.67101 1.46211 -0.686783]
blocks at row 6 are : 
[7.13579 -1.34225 -5.41701 5.61858 -2.35161
x.xxxxx 4.80586 3.62578 -1.02915 0.791384
x.xxxxx x.xxxxx 9.16685 -5.86021 -0.399287
x.xxxxx x.xxxxx x.xxxxx 8.28686 -2.24972
x.xxxxx x.xxxxx x.xxxxx x.xxxxx 4.45833]

