Testing = operator for SBlockPent
Pent created ...
The tested operator output:
The Matrix Blocks are:
blocks at row 0 are : 
[0.950075 0.603132 -0.29258 -0.421602 0.412246
x.xxxxx 1.06496 -0.142833 0.703358 -0.438665
x.xxxxx x.xxxxx 1.61982 0.366375 -0.600461
x.xxxxx x.xxxxx x.xxxxx 2.4435 -0.367466
x.xxxxx x.xxxxx x.xxxxx x.xxxxx 1.89745]

and

[-0.943095 -0.431421 -0.280428 -0.348577 0.499438
0.180814 -0.846493 -0.113915 0.73888 -0.202449
0.235164 0.760017 -0.242579 0.215201 -0.266407
0.527528 -0.654556 0.295044 -0.791652 -0.211522
0.548865 -0.642027 -0.798629 0.611578 -0.455621]

and

[0.199289 0.349699 -0.507858 -0.039689 -0.413657
-0.86353 -0.0786967 0.153442 -0.0282685 -0.630845
0.803097 -0.0567224 -0.397662 -0.615028 -0.994344
-0.135602 -0.415137 -0.74784 0.717732 0.801544
0.762463 -0.551169 0.498886 -0.733224 -0.422497]

blocks at row 1 are : 
[3.29582 0.855668 -0.053667 -0.0738658 0.0346254
x.xxxxx 0.698665 -0.491337 -0.168789 -0.239611
x.xxxxx x.xxxxx 1.01264 -0.601902 0.181386
x.xxxxx x.xxxxx x.xxxxx 1.41733 -0.311085
x.xxxxx x.xxxxx x.xxxxx x.xxxxx 2.06482]

and

[-0.0855207 -0.988314 -0.52728 -0.147177 0.758025
0.280736 -0.462632 0.306173 -0.31296 0.973287
0.434183 -0.616739 -0.56169 -0.899067 0.0425216
-0.0798651 0.386741 -0.301352 -0.81136 -0.43144
0.0822792 -0.111805 0.0287034 0.61871 -0.639727]

and

[-0.281507 -0.227403 0.935388 -0.373626 0.940084
-0.122019 -0.719324 -0.781533 -0.208632 0.917507
0.707569 -0.146891 0.738179 -0.0886192 -0.822943
0.366197 -0.79322 -0.681351 0.0646838 -0.958983
0.572373 0.200811 0.605207 0.490017 -0.893853]

blocks at row 2 are : 
[1.33744 -0.0112146 -1.09868 0.69471 -1.07549
x.xxxxx 1.37603 -0.340364 -1.37675 -0.189884
x.xxxxx x.xxxxx 1.14872 -0.464093 0.671935
x.xxxxx x.xxxxx x.xxxxx 2.68122 0.178204
x.xxxxx x.xxxxx x.xxxxx x.xxxxx 1.97277]

and

[-0.793513 0.857355 -0.990547 0.497357 -0.429702
0.801793 -0.82069 -0.623504 -0.927008 0.105475
0.751209 0.641851 -0.425621 0.443645 0.35051
-0.616456 0.936789 0.255036 -0.298989 0.915419
0.842809 0.0175978 -0.476228 0.744057 0.248119]

and

[0.275612 0.850839 -0.627943 0.779022 -0.703539
-0.134254 -0.80143 0.459403 -0.976639 0.850757
-0.982863 -0.470752 -0.238576 0.772689 0.351389
0.992083 0.602048 -0.986092 -0.646599 0.740105
-0.272545 -0.417886 0.396193 0.278397 -0.448232]

blocks at row 3 are : 
[0.997915 -0.170294 0.323083 -0.707809 -0.428954
x.xxxxx 1.12701 -0.835823 0.402466 1.27822
x.xxxxx x.xxxxx 2.02813 -0.753143 -1.32921
x.xxxxx x.xxxxx x.xxxxx 0.803148 0.714152
x.xxxxx x.xxxxx x.xxxxx x.xxxxx 1.72011]

and

[-0.964005 0.790707 0.576463 -0.635994 -0.575463
0.300131 -0.51717 -0.646687 -0.512945 -0.229437
0.23894 0.35064 -0.349646 -0.950849 0.555655
0.387384 0.447951 -0.331968 -0.723773 -0.740673
0.0402365 -0.0712142 0.275812 -0.164673 -0.973677]

and

[-0.710108 -0.550713 -0.165653 0.882486 -0.443991
0.490309 0.083486 0.478933 0.76145 -0.103154
0.0611044 0.794111 -0.0463 0.280197 -0.0834629
0.0474907 0.688226 -0.815013 -0.46716 -0.39484
-0.506021 -0.52913 -0.073116 -0.570518 0.173073]

blocks at row 4 are : 
[2.55194 0.0313536 1.46399 0.0737683 0.97664
x.xxxxx 1.40297 -0.0417247 0.192857 -0.925973
x.xxxxx x.xxxxx 2.3134 0.155188 1.27781
x.xxxxx x.xxxxx x.xxxxx 0.144619 -0.133106
x.xxxxx x.xxxxx x.xxxxx x.xxxxx 1.39501]

and

[-0.72231 0.638203 -0.665518 -0.504075 0.231789
0.4106 -0.053909 0.551799 -0.612872 -0.576428
-0.53487 0.0454578 0.851022 -0.936787 0.356322
0.194227 0.58184 0.113815 -0.775687 0.879299
-0.98424 -0.74639 -0.417137 0.454551 0.576531]

and

[0.44308 -0.819741 0.734643 0.962907 -0.999906
0.453692 0.568978 -0.716407 0.114583 -0.690147
-0.388025 0.718883 0.709296 0.417231 -0.384474
0.291288 -0.35461 -0.219899 0.813929 -0.936694
-0.691717 -0.236795 0.865432 -0.771602 -0.465834]

blocks at row 5 are : 
[2.11559 0.808847 1.1725 -0.51127 -0.780049
x.xxxxx 1.27992 1.32583 0.0316209 -0.442773
x.xxxxx x.xxxxx 1.73876 -0.115054 0.186966
x.xxxxx x.xxxxx x.xxxxx 1.24807 0.00784893
x.xxxxx x.xxxxx x.xxxxx x.xxxxx 2.6668]

and

[-0.487023 -0.176898 -0.928961 0.655229 -0.240251
0.538243 0.198581 -0.684891 0.635494 0.877927
-0.711064 -0.103355 0.494461 -0.212144 -0.319359
0.128503 0.780841 -0.300875 0.384975 0.0152343
0.601549 -0.375019 0.461353 -0.709254 -0.919826]
blocks at row 6 are : 
[2.35947 0.558151 0.195849 -0.609224 -0.403387
x.xxxxx 0.365651 0.0425004 -0.234963 -0.166761
x.xxxxx x.xxxxx 1.39074 1.16329 -0.261468
x.xxxxx x.xxxxx x.xxxxx 1.54192 -0.674342
x.xxxxx x.xxxxx x.xxxxx x.xxxxx 1.70272]


End of testing for << operator for SBlockPent
